$ 1 0.000005 10.20027730826997 50 5 50 5e-11
v 144 304 144 208 0 0 40 15 0 0 0.5
r 144 144 256 144 0 1000
174 256 144 368 192 1 9000 0.7772000000000001 Resistance
r 384 144 496 144 0 1000
v 496 304 496 208 0 0 40 -15 0 0 0.5
r 320 304 320 192 0 5100
w 144 304 320 304 0
w 320 304 496 304 0
g 320 304 320 352 0 0
x 191 112 211 115 4 16 R1
x 427 114 447 117 4 16 R2
x 311 117 331 120 4 16 Rp
x 176 255 220 258 4 16 v1\q15
x 282 251 302 254 4 16 R3
x 426 228 475 231 4 16 v2\q-15
p 368 208 368 272 3 0 0 10000000
w 368 208 320 192 0
w 368 272 320 304 0
370 144 208 144 144 3 0 0
370 496 144 496 208 3 0 0
