$ 1 0.000005 0.1086904049521229 50 5 43 5e-11
v 80 192 80 80 0 2 1000 1 0 0 0.5
c 80 80 176 80 4 1e-8 0.9636953570018171 0.001 0
l 176 80 304 80 0 0.068 -0.0000782489733553359 0
r 304 80 304 192 0 1000
w 304 192 80 192 0
x 52 38 310 41 4 20 Underdamped\sR\s<\s2sqrt(L/C)
w 624 192 400 192 0
r 624 80 624 192 0 5215
l 496 80 624 80 0 0.068 7.950842863421431e-8 0
c 400 80 496 80 4 1e-8 0.9997750713570316 0.001 0
v 400 192 400 80 0 2 1000 1 0 0 0.5
403 400 224 624 336 0 9_1_0_4098_2.5_0.1_-1_8_9_3_10_0_10_3_8_0_8_3_7_0_7_3
403 80 224 304 336 0 0_1_0_4098_2.5_0.1_-1_8_0_3_1_0_1_3_2_0_2_3_3_0_3_3
x 360 39 648 42 4 20 Critically\sDamped\sR\s\q\s2sqrt(L/C)
v 64 528 64 416 0 2 1000 1 0 0 0.5
c 64 416 160 416 4 1e-8 0.9174096316945057 0.001 0
l 160 416 288 416 0 0.068 0.000008913130666664628 0
r 288 416 288 528 0 10000
w 288 528 64 528 0
403 336 416 544 544 0 14_1_0_4098_2.5_0.1_-1_8_14_3_15_0_15_3_16_0_16_3_17_0_17_3
x 40 565 287 568 4 20 Overdamped\sR\s>\s2sqrt(L/C)
