$ 1 0.000005 10.20027730826997 50 5 43 5e-11
154 96 192 256 192 0 2 0 5
154 256 176 416 176 0 2 0 5
154 416 160 576 160 0 2 0 5
L 96 176 16 176 0 0 false 5 0
L 96 208 16 208 0 0 false 5 0
L 208 128 128 128 0 0 false 5 0
L 384 96 304 96 0 0 false 5 0
w 208 128 240 128 0
w 240 128 256 160 0
w 384 96 416 144 0
M 576 160 640 160 0 2.5
x -68 215 -52 218 4 24 A
x -64 178 -48 181 4 24 B
x 169 101 186 104 4 24 C
x 330 64 347 67 4 24 D
154 416 400 576 400 0 2 0 5
154 416 544 576 544 0 2 0 5
154 416 688 576 688 0 2 0 5
154 416 832 576 832 0 2 0 5
M 576 400 640 400 0 2.5
M 576 544 640 544 0 2.5
M 576 688 640 688 0 2.5
M 576 832 640 832 0 2.5
L 416 384 -16 384 0 0 false 5 0
L 208 528 -16 528 0 0 false 5 0
L 192 672 -16 672 0 0 false 5 0
L 192 816 -16 816 0 0 false 5 0
L 240 960 -16 960 0 0 false 5 0
w 192 816 416 816 0
w 240 960 240 848 0
w 240 848 416 848 0
152 288 752 384 752 0 2 0 5
152 288 624 384 624 0 2 0 5
152 288 480 384 480 0 2 0 5
w 240 848 240 768 0
w 240 768 288 768 0
w 192 816 192 736 0
w 192 736 288 736 0
w 384 752 416 752 0
w 416 752 416 704 0
w 416 704 256 704 0
w 256 704 256 640 0
w 256 640 288 640 0
w 192 672 192 608 0
w 192 608 288 608 0
w 384 624 416 624 0
w 416 624 416 560 0
w 416 560 240 560 0
w 240 560 240 496 0
w 240 496 288 496 0
w 208 528 208 464 0
w 208 464 288 464 0
w 384 480 416 480 0
w 416 480 416 416 0
w 208 528 416 528 0
w 192 672 416 672 0
