$ 1 0.000005 10.20027730826997 50 5 43 5e-11
184 64 160 128 160 0 3
g 64 160 16 160 0 0
g 64 192 16 192 0 0
w 128 448 128 576 0
w 128 576 0 576 0
w 0 576 0 544 0
w 160 448 160 608 0
w 160 608 -32 608 0
w -32 608 -32 544 0
w 192 448 192 640 0
w 192 640 -64 640 0
w -64 640 -64 544 0
L 0 544 0 512 0 0 false 5 0
L -32 544 -32 512 0 0 false 5 0
L -64 544 -64 512 0 0 false 5 0
L -96 544 -96 512 0 0 false 5 0
w -96 544 -96 576 0
w -96 576 -160 576 0
w -160 576 -160 400 0
w -160 400 0 400 0
w 0 400 0 384 0
w 0 384 64 384 0
w 0 384 0 352 0
w 0 352 64 352 0
w 0 352 0 320 0
w 0 320 64 320 0
w 0 320 0 288 0
w 0 288 64 288 0
w 0 288 0 256 0
w 0 256 64 256 0
w 0 256 0 224 0
w 0 224 64 224 0
M 224 160 272 160 0 2.5
197 320 304 336 304 0
157 512 304 544 304 0 7 0 0
w 448 304 512 304 0
w 448 336 512 336 0
w 448 368 512 368 0
w 448 400 512 400 0
w 448 432 576 432 0
w 448 464 608 464 0
w 608 464 608 432 0
w 448 496 640 496 0
w 640 496 640 432 0
w -96 576 -96 688 0
w -96 688 240 688 0
w 240 688 240 304 0
w 240 304 320 304 0
w 192 640 272 640 0
w 272 640 272 336 0
w 272 336 320 336 0
w 160 608 288 608 0
w 288 608 288 368 0
w 288 368 320 368 0
w 128 576 304 576 0
w 304 576 304 400 0
w 304 400 320 400 0
