$ 1 0.000005 285.9303473255704 50 5 43 5e-11
a 144 128 304 128 9 15 -15 1000000 0.9999600015999359 1 100000
R 144 112 80 112 0 0 40 1 0 0 0.5
w 144 144 144 208 0
r 304 128 304 208 0 15000
r 304 208 304 272 0 5000
g 304 272 304 304 0 0
w 144 208 304 208 0
w 304 128 368 128 0
p 368 128 368 192 3 0 0 10000000
g 368 192 368 224 0 0
a 208 448 368 448 8 15 -15 1000000 0.00005999580029397943 0 100000
R 144 384 80 384 0 0 40 1 0 0 0.5
r 144 384 208 384 0 5000
r 208 384 368 384 0 30000
w 208 384 208 432 0
g 208 464 160 464 0 0
w 368 384 368 448 0
g 368 512 368 544 0 0
p 368 448 368 512 3 0 0 10000000
w 368 448 464 448 0
w 368 128 464 128 0
w 464 128 464 240 0
w 464 448 464 320 0
r 464 240 544 240 0 5000
r 464 320 544 320 0 5000
r 544 400 544 320 0 5000
g 544 400 544 432 0 0
w 544 240 544 272 0
w 544 272 544 320 0
w 544 272 592 272 0
a 592 288 720 288 9 15 -15 1000000 -0.66656001086574 -0.6665800076660661 100000
w 592 304 592 368 0
w 592 368 720 368 0
r 720 288 720 368 0 10000
r 720 416 720 368 0 5000
g 720 416 720 448 0 0
w 720 288 784 288 0
g 784 352 784 384 0 0
p 784 288 784 352 3 0 0 10000000
