$ 1 1.7361111111111112e-7 100.89512123094175 50 5 50 5e-11
v 160 288 160 160 0 1 500000 5 0 0 0.5
r 160 160 304 160 0 2000
c 304 160 304 288 4 1.6e-8 0.04187369537099058 0.001 0
w 304 288 160 288 0
x 352 185 587 188 4 15 R\s\q\s2kΩ,\sC\s\q\s0.016uF,\sf3dB\s\q\s5kHz
x 116 343 398 346 4 15 20\sfrequencies\sbetween\s50Hz\sand\s500kHz
x 77 369 431 372 4 10 50\sHz\s\s80\sHz\s\s130\sHz\s\s210\sHz\s\s340\sHz\s\s550\sHz\s\s880\sHz\s\s1.4\skHz\s\s2.3\skHz\s\s5\skHz
x 77 392 449 395 4 10 5\skHz\s\s8\skHz\s\s13\skHz\s\s22\skHz\s\s36\skHz\s\s60\skHz\s\s100\skHz\s\s180\skHz\s\s300\skHz\s\s500\skHz
x 169 128 330 131 4 24 Low\sPass\s(RC)
w 784 288 640 288 0
c 640 160 784 160 4 1.6e-8 -1.1328042235158147 0.001 0
r 784 160 784 288 0 2000
v 640 288 640 160 0 1 50 5 0 0 0.5
x 638 123 804 126 4 24 High\sPass\s(CR)
o 0 128 0 4354 5 0.1 0 2 0 3
o 2 128 0 4098 0.15625 0.1 1 2 2 3
38 0 F1 3 50 500000 -1 Frequency
