$ 1 0.000005 13.097415321081861 50 5 43 5e-11
194 160 192 256 192 0 true 0.01
L 160 192 96 192 0 0 false 5 0
M 256 192 256 128 0 2.5
194 288 192 384 192 0 true 0.01
M 384 192 384 128 0 2.5
M 512 192 512 128 0 2.5
194 416 192 512 192 0 true 0.01
w 256 224 288 224 0
w 288 224 288 192 0
w 384 224 416 224 0
w 416 224 416 192 0
165 288 432 336 432 6 4.999999950000001
R 352 400 352 368 0 0 40 5 0 0 0.5
R 416 464 448 464 0 0 40 5 0 0 0.5
g 384 592 384 608 0 0
w 416 464 416 352 0
w 416 352 256 352 0
w 256 464 288 464 0
r 256 352 256 464 0 4400
r 256 464 256 528 0 14400
w 256 528 288 528 0
w 288 528 288 560 0
c 256 528 256 624 4 0.00009999999999999999 1.7299025190352715 0.001 0
g 256 624 256 656 0 0
c 352 592 352 656 4 1e-8 3.333333333333333 0.001 0
g 352 656 352 672 0 0
M 416 496 480 496 0 2.5
x -104 442 189 445 4 24 T\s\q\s[\s(R1\s\p\s2*R2)\sC1]\s/\s1.44
x 232 78 521 81 4 24 T\s\q\s0.32*R*C\s[\s1\s\p\s(0.7/R)\s]
