$ 1 0.000005 9.78399845368213 50 5 43 5e-11
155 80 128 96 128 0 5
155 224 128 240 128 0 0
155 416 128 432 128 0 0
155 832 128 864 128 0 5
197 224 304 240 304 0
157 400 304 416 304 0 7 0 0
w 400 304 352 304 0
w 352 336 400 336 0
w 352 368 400 368 0
w 352 400 400 400 0
w 352 432 464 432 0
w 352 464 496 464 0
w 496 464 496 432 0
w 352 496 528 496 0
w 528 496 528 432 0
R 80 128 80 80 0 0 40 5 0 0 0.5
w 208 128 224 128 0
w 176 128 192 128 0
w 192 128 192 400 0
w 320 192 368 192 0
w 320 128 336 128 0
w 336 128 336 256 0
w 336 256 176 256 0
w 176 256 176 368 0
w 512 128 512 96 0
w 336 128 336 112 0
w 336 112 256 96 0
w 256 96 256 48 0
w 400 128 416 128 0
w 784 128 832 128 0
w 928 128 960 128 0
w 960 128 960 272 0
w 960 272 624 272 0
w 624 272 608 272 0
w 608 272 608 144 0
w 608 144 704 144 0
w 512 128 608 96 0
w 256 48 256 -80 0
w 256 -80 592 -80 0
w 592 -80 592 64 0
w 592 64 608 64 0
R 0 272 0 400 1 2 100 2.5 2.5 0 0.5
w 0 272 0 160 0
w 0 160 80 160 0
w 0 272 224 272 0
w 224 272 224 160 0
w 224 272 416 272 0
w 416 272 416 160 0
w 416 272 688 288 0
w 688 288 832 288 0
w 832 288 832 160 0
w 368 192 288 240 0
w 288 240 208 240 0
w 208 240 208 128 0
w 512 128 592 320 0
w 592 320 592 560 0
w 592 560 160 560 0
w 160 560 160 336 0
w 960 272 960 352 0
w 960 352 640 352 0
w 640 352 640 608 0
w 640 608 208 608 0
w 144 608 144 400 0
w 192 400 224 400 0
w 144 608 208 608 0
w 144 400 144 304 0
w 176 368 224 368 0
w 160 336 224 336 0
w 144 304 224 304 0
154 336 32 432 32 0 2 0 5
w 400 128 400 80 0
w 400 80 432 80 0
w 432 80 432 32 0
w 512 96 512 -32 0
w 512 -32 304 -32 0
w 304 -32 304 16 0
w 304 16 336 16 0
w 256 48 336 48 0
150 608 80 688 80 0 2 0 5
154 704 128 784 128 0 2 5 5
w 688 80 688 112 0
w 688 112 704 112 0
