$ 1 0.000005 10.20027730826997 50 5 43 5e-11
196 160 144 192 144 2 4
g 160 400 96 400 0 0
! default 0 A3,A2,A1,A0,B3,B2,B1,B0 Eq,A>,A< 4\sBit\sComparator ABCD\sABCD\q100\n1???\s0???\q010\nA1??\sA0??\q010\nAB1?\sAB0?\q010\nABC1\sABC0\s\q\s010\n????\s????\q001\n
208 -128 160 -16 160 0 default 0 5 0
L -128 160 -224 160 0 1 false 5 0
L -144 192 -224 192 0 1 false 5 0
L -160 224 -224 224 0 1 false 5 0
L -176 256 -224 256 0 1 false 5 0
L -128 288 -176 288 0 1 false 5 0
L -128 320 -176 320 0 0 false 5 0
L -128 352 -176 352 0 0 false 5 0
L -128 384 -176 384 0 1 false 5 0
w -32 192 128 192 0
w 128 176 160 176 0
w 128 208 160 208 0
w -128 160 -128 128 0
w -128 128 64 128 0
w 64 128 64 272 0
w 64 272 160 272 0
w -144 192 -128 192 0
w -144 192 -144 112 0
w -144 112 80 112 0
w 80 112 80 304 0
w 80 304 160 304 0
w -160 224 -128 224 0
w -160 224 -160 96 0
w -160 96 96 96 0
w 96 96 96 336 0
w 96 336 160 336 0
w -176 256 -128 256 0
w -176 256 -176 80 0
w -176 80 112 80 0
w 112 80 112 368 0
w 112 368 160 368 0
g 160 144 144 144 0 0
g 160 240 144 240 0 0
w 128 176 128 192 0
w 128 192 128 208 0
197 480 176 544 176 0
197 480 -112 544 -112 0
157 704 -80 768 -80 0 7 0 0
157 720 208 768 208 0 7 0 0
w 256 208 400 208 0
w 400 208 400 176 0
w 400 176 480 176 0
w 256 240 416 240 0
w 416 240 416 208 0
w 416 208 480 208 0
w 256 272 432 272 0
w 432 272 432 240 0
w 432 240 480 240 0
w 256 304 464 304 0
w 464 304 464 272 0
w 464 272 480 272 0
w 256 144 352 144 0
w 352 144 352 -16 0
w 352 -16 480 -16 0
w 608 176 704 176 0
w 704 176 704 208 0
w 704 208 720 208 0
w 608 208 688 208 0
w 688 208 688 240 0
w 688 240 720 240 0
w 608 240 672 240 0
w 672 240 672 272 0
w 672 272 720 272 0
w 608 272 640 272 0
w 640 272 640 304 0
w 640 304 720 304 0
w 608 304 656 336 0
w 656 336 784 336 0
w 608 336 672 384 0
w 672 384 816 384 0
w 816 384 816 336 0
w 608 368 672 416 0
w 672 416 848 416 0
w 848 416 848 336 0
w 608 -80 704 -48 0
w 608 -48 704 -16 0
w 608 -112 704 -80 0
w 608 -16 704 16 0
w 608 16 768 48 0
w 608 48 800 80 0
w 800 80 800 48 0
w 608 80 832 112 0
w 832 112 832 48 0
w 256 16 256 -64 0
w 80 16 256 16 0
w 16 -32 80 16 0
w 224 -16 224 -64 0
w 80 -16 224 -16 0
w 16 -64 80 -16 0
w 64 -64 192 -64 0
w 16 -96 64 -64 0
w 48 -96 128 -96 0
w 48 -128 48 -96 0
w 16 -128 48 -128 0
w 80 -128 128 -128 0
w 80 -160 80 -128 0
w 16 -160 80 -160 0
w 96 -160 128 -160 0
w 96 -192 96 -160 0
w 16 -192 96 -192 0
w 112 -192 128 -192 0
w 112 -224 112 -192 0
w 16 -224 112 -224 0
w -128 -128 -112 -128 0
w -128 -96 -128 -128 0
w -160 -160 -112 -160 0
w -176 -192 -112 -192 0
w -192 -224 -112 -224 0
157 128 -192 176 -192 0 7 0 0
197 -112 -224 -48 -224 0
w -176 80 -128 -96 0
w -160 224 -160 -160 0
w -144 192 -176 -192 0
w -128 160 -192 -224 0
