$ 1 0.000005 10.20027730826997 50 5 50 5e-11
L 112 48 64 48 0 0 false 5 0
I 112 48 272 48 0 0.5 5
M 272 48 336 48 0 2.5
150 112 176 288 176 0 2 5 5
L 112 160 64 160 0 1 false 5 0
L 112 192 64 192 0 1 false 5 0
M 288 176 336 176 0 2.5
152 112 336 304 336 0 2 5 5
x 116 18 268 21 4 24 NOT\s/\sInverter
x 152 140 261 143 4 24 AND\sGate
L 112 320 64 320 0 1 false 5 0
L 112 352 64 352 0 1 false 5 0
M 304 336 352 336 0 2.5
x 154 291 248 294 4 24 OR\sGate
151 112 496 304 496 0 2 5 5
x 151 458 277 461 4 24 NAND\sGate
L 112 480 64 480 0 0 false 5 0
L 112 512 64 512 0 0 false 5 0
M 304 496 352 496 0 2.5
153 640 48 848 48 0 2 5 5
L 640 32 592 32 0 0 false 5 0
L 640 64 592 64 0 0 false 5 0
M 848 48 896 48 0 2.5
154 640 240 832 240 0 2 0 5
L 640 224 592 224 0 0 false 5 0
L 640 256 592 256 0 0 false 5 0
M 832 240 880 240 0 2.5
x 682 6 794 9 4 24 NOR\sGate
x 674 198 784 201 4 24 XOR\sGate
