$ 3 0.000005 5.934295036739208 50 5 50 5e-11
194 520 -168 624 -168 0 false 0.01
L 520 -168 408 -168 0 1 false 5 0
L 520 -72 408 -72 0 0 false 5 0
194 520 -72 624 -72 0 false 0.01
L 520 24 408 24 0 0 false 5 0
194 520 24 624 24 0 false 0.01
L 520 120 408 120 0 0 false 5 0
194 520 120 624 120 0 false 0.01
164 1024 40 1080 40 0 4 0 5 5 5 false 0
L 576 280 408 280 0 0 false 5 0
L 576 328 408 328 0 0 false 5 0
L 576 384 408 384 0 0 false 5 0
L 576 440 408 440 0 0 false 5 0
150 776 -24 864 -24 1 2 0 5
150 776 40 864 40 1 2 0 5
150 776 112 864 112 1 2 0 5
150 776 192 864 192 1 2 0 5
w 576 280 680 280 0
w 680 280 680 -16 0
w 680 -16 776 -16 0
w 616 -168 776 -168 0
w 776 -168 776 -32 0
w 576 328 696 328 0
w 696 328 696 48 0
w 696 48 776 48 0
w 616 -72 760 -72 0
w 760 -72 760 32 0
w 760 32 776 32 0
w 576 384 712 384 0
w 712 384 712 120 0
w 712 120 776 120 0
w 616 24 744 24 0
w 744 24 744 104 0
w 744 104 776 104 0
w 576 440 776 440 0
w 776 440 776 200 0
w 776 184 776 152 0
w 776 152 648 152 0
w 648 152 648 120 0
w 648 120 616 120 0
152 944 40 1024 40 1 4 0 5
w 944 24 944 -24 0
w 944 -24 864 -24 0
w 944 56 944 192 0
w 944 192 864 192 0
w 944 48 928 48 0
w 928 48 928 112 0
w 928 112 864 112 0
w 944 32 864 32 0
w 864 32 864 40 0
197 1120 40 1216 40 0
157 1248 40 1344 40 0 7 0 0
w 1312 168 1248 168 0
w 1344 168 1344 200 0
w 1344 200 1248 200 0
w 1248 232 1376 232 0
w 1376 232 1376 168 0
